4371.216879903424
4340.346822218336
4321.861540844096
4319.346822218335
4319.346822218335
4303.1041815312155
4303.104181531215
4289.204686594603
4289.204686594602
4259.133618782737
4259.133618782737
4259.133618782737
4245.476764533245
4245.476764533245
4232.234123846126
4232.234123846125
4203.16305603426
4189.92041534714
4174.364066161036
4174.364066161036
4162.707211911543
4162.707211911543
4162.707211911543
4146.565076287812
4146.565076287812
4134.90822203832
4134.90822203832
4134.90822203832
4134.90822203832
4134.90822203832
